M    Bias^2      Var         Sum         
0    0.49571     0.04212     0.53783     
1    0.20543     0.05086     0.25629     
2    0.21718     0.16451     0.38169     
3    0.00589     0.05752     0.06342     
4    0.00799     0.36350     0.37149     
5    0.16655     15.43454    15.60109    
6    0.38681     42.19818    42.58499    
7    47.59137    13181.62511 13229.21648 
8    16388.77055 2960270.242492976659.01304
9    3686.19238  589754.69870593440.89108
10   3981576.23965579317098.11913583298674.35878
11   193246239.0285645000150601.4408645193396840.46942
12   1786762796.12752487662683869.14771489449446665.27521
